4294917602 180 3 0
4294917603 248 0 0
4294917615 29705 0 0
4294917627 27518 0 0
4294917639 0 0 0
4294917651 0 0 0
4294917663 0 0 0
4294917675 0 0 0
4294917687 0 0 0
4294917699 0 0 0
4294917711 0 0 0
4294917723 0 0 0
4294917735 0 0 0
4294917747 0 0 0
4294917759 0 0 0
4294917771 0 0 0
4294917783 0 0 0
4294917795 0 0 0
4294917807 0 0 0
4294917819 0 0 0
4294917831 0 0 0
4294917843 0 0 0
4294917855 0 0 0
4294917867 9417 0 0
4294917879 10019 0 0
4294917891 27512 0 0
4294917903 0 0 0
4294917915 0 0 0
4294917927 0 0 0
4294917939 0 0 0
4294917951 0 0 0
4294917963 0 0 0
4294917975 0 0 0
4294917987 0 0 0
4294917999 0 0 0
4294918011 0 0 0
4294918023 0 0 0
4294918035 0 0 0
4294918047 0 0 0
4294918059 0 0 0
4294918071 0 0 0
4294918083 0 0 0
4294918095 0 0 0
4294918107 0 0 0
4294918119 9073 0 0
4294918131 0 0 0
4294918143 10407 0 0
4294918155 20472 0 0
4294918167 0 0 0
4294918179 0 0 0
4294918191 0 0 0
4294918203 0 0 0
4294918215 0 0 0
4294918227 0 0 0
4294918239 0 0 0
4294918251 0 0 0
4294918263 0 0 0
4294918275 0 0 0
4294918287 0 0 0
4294918299 0 0 0
4294918311 0 0 0
4294918323 0 0 0
4294918335 0 0 0
4294918347 0 0 0
4294918359 0 0 0
4294918371 6535 0 0
4294918383 2200 0 0
4294918395 0 0 0
4294918407 17596 0 0
4294918419 7893 0 0
4294918431 0 0 0
4294918443 0 0 0
4294918455 0 0 0
4294918467 0 0 0
4294918479 0 0 0
4294918491 0 0 0
4294918503 0 0 0
4294918515 0 0 0
4294918527 0 0 0
4294918539 0 0 0
4294918551 0 0 0
4294918563 0 0 0
4294918575 0 0 0
4294918587 0 0 0
4294918599 0 0 0
4294918611 0 0 0
4294918623 3400 0 0
4294918635 5042 0 0
4294918647 0 0 0
4294918659 0 0 0
4294918671 21294 0 0
4294918683 0 0 0
4294918695 0 0 0
4294918707 0 0 0
4294918719 0 0 0
4294918731 0 0 0
4294918743 0 0 0
4294918755 0 0 0
4294918767 0 0 0
4294918779 0 0 0
4294918791 0 0 0
4294918803 0 0 0
4294918815 0 0 0
4294918827 0 0 0
4294918839 0 0 0
4294918851 0 0 0
4294918863 0 0 0
4294918875 816 0 0
4294918887 7276 0 0
4294918899 0 0 0
4294918911 0 0 0
4294918923 11610 0 0
4294918935 5964 0 0
4294918947 0 0 0
4294918959 0 0 0
4294918971 0 0 0
4294918983 0 0 0
4294918995 0 0 0
4294919007 0 0 0
4294919019 0 0 0
4294919031 0 0 0
4294919043 0 0 0
4294919055 0 0 0
4294919067 0 0 0
4294919079 0 0 0
4294919091 0 0 0
4294919103 0 0 0
4294919115 0 0 0
4294919127 0 0 0
4294919139 7767 0 0
4294919151 0 0 0
4294919163 0 0 0
4294919175 0 0 0
4294919187 14392 0 0
4294919199 0 0 0
4294919211 0 0 0
4294919223 0 0 0
4294919235 0 0 0
4294919247 0 0 0
4294919259 0 0 0
4294919271 0 0 0
4294919283 0 0 0
4294919295 0 0 0
4294919307 0 0 0
4294919319 0 0 0
4294919331 0 0 0
4294919343 0 0 0
4294919355 0 0 0
4294919367 0 0 0
4294919379 0 0 0
4294919391 7473 0 0
4294919403 0 0 0
4294919415 0 0 0
4294919427 0 0 0
4294919439 11933 0 0
4294919451 0 0 0
4294919463 0 0 0
4294919475 0 0 0
4294919487 0 0 0
4294919499 0 0 0
4294919511 0 0 0
4294919523 0 0 0
4294919535 0 0 0
4294919547 0 0 0
4294919559 0 0 0
4294919571 0 0 0
4294919583 0 0 0
4294919595 0 0 0
4294919607 0 0 0
4294919619 0 0 0
4294919631 0 0 0
4294919643 7169 0 0
4294919655 0 0 0
4294919667 0 0 0
4294919679 0 0 0
4294919691 7356 0 0
4294919703 2588 0 0
4294919715 0 0 0
4294919727 0 0 0
4294919739 0 0 0
4294919751 0 0 0
4294919763 0 0 0
4294919775 0 0 0
4294919787 0 0 0
4294919799 0 0 0
4294919811 0 0 0
4294919823 0 0 0
4294919835 0 0 0
4294919847 0 0 0
4294919859 0 0 0
4294919871 0 0 0
4294919883 0 0 0
4294919895 7030 0 0
4294919907 0 0 0
4294919919 0 0 0
4294919931 0 0 0
4294919943 1668 0 0
4294919955 6444 0 0
4294919967 0 0 0
4294919979 0 0 0
4294919991 0 0 0
4294920003 0 0 0
4294920015 0 0 0
4294920027 0 0 0
4294920039 0 0 0
4294920051 0 0 0
4294920063 0 0 0
4294920075 0 0 0
4294920087 0 0 0
4294920099 0 0 0
4294920111 0 0 0
4294920123 0 0 0
4294920135 0 0 0
4294920147 6593 0 0
4294920159 0 0 0
4294920171 0 0 0
4294920183 0 0 0
4294920195 0 0 0
4294920207 6686 0 0
4294920219 0 0 0
4294920231 0 0 0
4294920243 0 0 0
4294920255 0 0 0
4294920267 0 0 0
4294920279 0 0 0
4294920291 0 0 0
4294920303 0 0 0
4294920315 0 0 0
4294920327 0 0 0
4294920339 0 0 0
4294920351 0 0 0
4294920363 0 0 0
4294920375 0 0 0
4294920387 0 0 0
4294920399 6447 0 0
4294920411 0 0 0
4294920423 0 0 0
4294920435 0 0 0
4294920447 0 0 0
4294920459 5524 0 0
4294920471 0 0 0
4294920483 0 0 0
4294920495 0 0 0
4294920507 0 0 0
4294920519 0 0 0
4294920531 0 0 0
4294920543 0 0 0
4294920555 0 0 0
4294920567 0 0 0
4294920579 0 0 0
4294920591 0 0 0
4294920603 0 0 0
4294920615 0 0 0
4294920627 0 0 0
4294920639 0 0 0
4294920651 6166 0 0
4294920663 0 0 0
4294920675 0 0 0
4294920687 0 0 0
4294920699 0 0 0
4294920711 4634 0 0
4294920723 0 0 0
4294920735 0 0 0
4294920747 0 0 0
4294920759 0 0 0
4294920771 0 0 0
4294920783 0 0 0
4294920795 0 0 0
4294920807 0 0 0
4294920819 0 0 0
4294920831 0 0 0
4294920843 0 0 0
4294920855 0 0 0
4294920867 0 0 0
4294920879 0 0 0
4294920891 0 0 0
4294920903 6017 4 0
4294920915 0 0 0
4294920927 0 0 0
4294920939 0 0 0
4294920951 0 0 0
4294920963 1664 300 0
4294920975 2327 451 0
4294920987 0 0 0
4294920999 0 0 0
4294921011 0 0 0
4294921023 0 0 0
4294921035 0 0 0
4294921047 0 0 0
4294921059 0 0 0
4294921071 0 0 0
4294921083 0 0 0
4294921095 0 0 0
4294921107 0 0 0
4294921119 0 0 0
4294921131 0 0 0
4294921143 0 0 0
4294921155 3889 105 0
4294921167 1785 107 0
4294921179 0 0 0
4294921191 0 0 0
4294921203 0 0 0
4294921215 0 0 0
4294921227 711 283 0
4294921239 1723 683 0
4294921251 868 324 0
4294921263 0 0 0
4294921275 0 0 0
4294921287 0 0 0
4294921299 0 0 0
4294921311 0 0 0
4294921323 0 0 0
4294921335 0 0 0
4294921347 0 0 0
4294921359 0 0 0
4294921371 0 0 0
4294921383 0 0 0
4294921395 0 0 0
4294921407 0 0 0
4294921419 4661 252 0
4294921431 898 54 0
4294921443 0 0 0
4294921455 0 0 0
4294921467 0 0 0
4294921479 0 0 0
4294921491 0 0 0
4294921503 610 463 0
4294921515 849 706 0
4294921527 618 598 0
4294921539 708 728 0
4294921551 8 10 0
4294921563 0 0 0
4294921575 0 0 0
4294921587 0 0 0
4294921599 0 0 0
4294921611 0 0 0
4294921623 0 0 0
4294921635 0 0 0
4294921647 0 0 0
4294921659 0 0 0
4294921671 408 15 0
4294921683 4842 314 0
4294921695 0 0 0
4294921707 0 0 0
4294921719 0 0 0
4294921731 0 0 0
4294921743 0 0 0
4294921755 0 0 0
4294921767 0 0 0
4294921779 0 0 0
4294921791 79 89 0
4294921803 389 600 0
4294921815 371 606 0
4294921827 399 625 0
4294921839 435 695 0
4294921851 368 646 0
4294921863 331 652 0
4294921875 0 0 0
4294921887 0 0 0
4294921899 0 0 0
4294921911 0 0 0
4294921923 0 0 0
4294921935 2310 156 0
4294921947 2877 207 0
4294921959 0 0 0
4294921971 0 0 0
4294921983 0 0 0
4294921995 0 0 0
4294922007 0 0 0
4294922019 0 0 0
4294922031 0 0 0
4294922043 0 0 0
4294922055 0 0 0
4294922067 0 0 0
4294922079 0 0 0
4294922091 0 0 0
4294922103 0 0 0
4294922115 101 210 0
4294922127 358 726 0
4294922139 324 749 0
4294922151 361 746 0
4294922163 313 753 0
4294922175 358 748 0
4294922187 94 262 0
4294922199 2140 326 0
4294922211 2697 339 0
4294922223 0 0 0
4294922235 0 0 0
4294922247 0 0 0
4294922259 0 0 0
4294922271 0 0 0
4294922283 0 0 0
4294922295 0 0 0
4294922307 0 0 0
4294922319 0 0 0
4294922331 0 0 0
4294922343 0 0 0
4294922355 0 0 0
4294922367 0 0 0
4294922379 0 0 0
4294922391 0 0 0
4294922403 0 0 0
4294922415 0 0 0
4294922427 0 0 0
4294922439 176 603 0
4294922451 255 746 0
4294922463 1782 832 0
4294922475 3233 922 0
4294922487 185 751 0
4294922499 196 705 0
4294922511 187 747 0
4294922523 145 616 0
4294922535 106 555 0
4294922547 0 0 0
4294922559 0 0 0
4294922571 0 0 0
4294922583 0 0 0
4294922595 0 0 0
4294922607 0 0 0
4294922619 0 0 0
4294922631 0 0 0
4294922643 0 0 0
4294922655 0 0 0
4294922667 0 0 0
4294922679 0 0 0
4294922691 0 0 0
4294922703 0 0 0
4294922715 0 0 0
4294922727 160 44 0
4294922739 490 97 0
read 430 profiled data
